1.6888E-05
1.8138E-03
5.2307E-03
7.9610E-04
1.9855E-03
2.0637E-03
2.6726E-07
1.0010E-03
3.4678E-03
4.4538E-04
4.7466E-04
4.2380E-03
5.5796E-03
4.5185E-03
1.1841E-02
1.9885E-05
8.7977E-04
4.4494E-03
5.4097E-03
6.5216E-03
1.4917E-04
1.5042E-04
1.5230E-03
4.5004E-03
1.0753E-03
3.8591E-04
8.5291E-04
7.3130E-09
9.3075E-09
1.9280E-08
1.1662E-05
1.4644E-03
2.0825E-03
6.8146E-04
5.9535E-06
5.4896E-05
7.4925E-07
1.0293E-05
1.8060E-03
1.3895E-07
3.3163E-05
1.0348E-04
5.6783E-04
1.9945E-09
2.5727E-05
1.8562E-03
6.3870E-05
5.4103E-04
2.9578E-03
2.0749E-06
1.3337E-03
5.4803E-04
7.3463E-07
8.9309E-04
1.1900E-07
3.9319E-04
3.0708E-06
4.2681E-07
8.1766E-06
8.0248E-04
2.5263E-06
1.9725E-03
9.7115E-04
7.5922E-07
1.5672E-04
3.1619E-04
8.1264E-03
2.8281E-06
7.0048E-05
4.7470E-05
2.9035E-05
6.6681E-03
7.9778E-08
2.5928E-08
2.4650E-04
4.4338E-03
5.9834E-09
8.6653E-04
3.4116E-03
1.6283E-04
2.3894E-03
7.6570E-03
6.6745E-05
7.5780E-04
1.1655E-03
2.4476E-04
1.2038E-03
9.4404E-08
3.9357E-05
7.0278E-06
8.2444E-06
3.2956E-04
2.3277E-05
1.4153E-04
2.5532E-03
8.1733E-06
2.8720E-07
3.5900E-08
6.5988E-04
2.5478E-03
1.4433E-06
2.1653E-05
2.2557E-06
2.1861E-04
3.2873E-04
4.5208E-08
2.9917E-08
1.5224E-07
1.6986E-03
6.6482E-10
2.8904E-05
9.9874E-04
1.0154E-05
1.8203E-04
9.6793E-03
1.0770E-07
1.9173E-03
1.5486E-05
7.9127E-06
5.5612E-04
5.3850E-08
1.1362E-06
1.5291E-08
4.1925E-05
4.5839E-06
0.0000E+00
1.1634E-07
8.5615E-06
2.6593E-09
1.9679E-07
1.3629E-07
2.5263E-08
5.9865E-03
9.0063E-06
5.4038E-04
2.8309E-04
4.0466E-04
7.2969E-03
4.1285E-07
2.2900E-04
3.7432E-05
3.3687E-03
4.6537E-09
1.8158E-04
1.8910E-03
1.5515E-04
2.5501E-03
5.4586E-03
3.5282E-04
8.0282E-04
1.8503E-03
1.0529E-04
2.8128E-03
5.2787E-07
1.0404E-04
9.6902E-05
1.8952E-04
5.2083E-05
9.3075E-09
1.2882E-04
5.7246E-04
2.0216E-05
4.4144E-07
9.4604E-07
2.8285E-04
2.3703E-04
7.7929E-04
1.1367E-03
2.5147E-03
7.4596E-03
1.3286E-03
5.4914E-07
2.0591E-03
1.8550E-03
2.4022E-04
3.5492E-03
3.2681E-03
7.3995E-03
4.8713E-03
2.0584E-02
7.1749E-04
8.1223E-04
7.9217E-03
8.1694E-03
8.4125E-03
6.0325E-05
1.3546E-04
9.1605E-04
4.4236E-04
1.3306E-03
7.7020E-04
5.3447E-04
9.9723E-09
4.6537E-09
2.6593E-09
6.6961E-06
2.1561E-04
5.4101E-04
1.0850E-03
1.0998E-04
4.1478E-06
2.7663E-06
2.2467E-03
3.9525E-03
6.3823E-08
7.8848E-07
3.0582E-08
1.1431E-03
1.9945E-09
2.6288E-04
1.7631E-06
2.3674E-06
1.5641E-03
1.9918E-05
3.7806E-05
6.4414E-06
2.1318E-05
5.1523E-07
6.1137E-05
5.5313E-07
5.0526E-08
1.2233E-07
6.1663E-05
4.3878E-08
6.6482E-10
8.9950E-06
1.3296E-08
4.5208E-08
1.9286E-06
3.6166E-07
2.4931E-07
6.0835E-03
1.5784E-04
1.2962E-03
6.8060E-05
8.6620E-04
2.1783E-04
5.9169E-08
8.4877E-06
3.6479E-06
9.8386E-04
5.3186E-09
1.0498E-04
2.8286E-04
9.5857E-04
1.2878E-03
2.0702E-03
5.9036E-07
6.1258E-04
3.5637E-05
4.6138E-07
5.2231E-04
9.9723E-09
1.2831E-07
9.4218E-06
1.1967E-05
8.0975E-07
0.0000E+00
2.2646E-05
5.4461E-04
3.9191E-05
1.6820E-07
1.5526E-05
1.3055E-04
1.4829E-03
4.0958E-04
3.1041E-03
4.6777E-04
9.3323E-04
5.9415E-03
8.3102E-08
3.8534E-04
3.9115E-03
6.1628E-03
3.4930E-03
2.5974E-03
3.1408E-03
4.4441E-03
6.1029E-03
1.7903E-03
3.7623E-04
2.3209E-03
4.1143E-03
6.8533E-03
2.2878E-05
2.0263E-04
3.3421E-03
1.1437E-03
2.6668E-03
1.3843E-04
1.5248E-04
1.7285E-08
7.9778E-09
1.9945E-09
2.7597E-06
2.0915E-03
8.9801E-03
7.7465E-06
2.1706E-06
4.4084E-06
1.1840E-06
4.1553E-05
6.1217E-06
3.5235E-08
8.1108E-08
1.5424E-05
2.9073E-06
1.3296E-09
3.4268E-05
7.5218E-06
2.0847E-05
2.5941E-04
1.3044E-04
1.5411E-06
2.3136E-05
1.2875E-03
1.0610E-04
1.4892E-07
1.2964E-06
3.3507E-06
3.5396E-05
1.3496E-04
1.4932E-04
1.9878E-07
5.9834E-09
2.6593E-08
0.0000E+00
3.9889E-08
7.5324E-07
4.2163E-06
4.9816E-03
4.2681E-07
1.9546E-04
1.0605E-05
9.7330E-07
6.8724E-04
1.7219E-07
7.2701E-04
1.4377E-05
3.7469E-03
5.9834E-09
8.4247E-05
1.6291E-03
1.6079E-05
1.0487E-04
9.3171E-03
6.8676E-07
1.7894E-03
6.7057E-04
2.9166E-03
1.4261E-03
5.8836E-07
1.6866E-06
3.0898E-04
5.1058E-07
9.9464E-06
3.3241E-09
7.1202E-07
3.1379E-07
5.8504E-08
1.7943E-06
2.9319E-07
1.3230E-07
5.0278E-03
1.5646E-05
2.3867E-06
7.1679E-05
2.2443E-05
8.1110E-03
4.6471E-07
8.4339E-04
1.8555E-06
6.3995E-03
1.3961E-08
1.4900E-04
3.3546E-04
1.4123E-05
8.6735E-04
3.9168E-03
2.0742E-06
1.3847E-05
1.0257E-04
1.8327E-05
1.3552E-03
1.9453E-06
1.0531E-06
5.5180E-08
7.9845E-06
2.3136E-07
1.5889E-06
8.1291E-03
2.1706E-04
3.1114E-07
1.5171E-06
1.7080E-03
3.6389E-03
3.0757E-03
3.9370E-04
4.4476E-06
2.1919E-06
1.5504E-06
6.2351E-03
2.6659E-07
6.0499E-08
4.7867E-07
5.8396E-03
5.9834E-09
2.6115E-04
2.9716E-04
7.4291E-04
5.2479E-04
3.8267E-03
3.5680E-04
2.8162E-06
1.9290E-04
7.5191E-07
1.4453E-03
3.0608E-06
6.5019E-07
5.8704E-07
1.1581E-06
3.1047E-07
1.1269E-06
8.8785E-05
1.4681E-03
7.3130E-09
2.8341E-06
4.2123E-06
3.3636E-04
1.1575E-02
4.2887E-06
4.8650E-04
2.9733E-04
1.1477E-03
7.3579E-03
3.2510E-07
7.2259E-06
8.2871E-05
1.9415E-02
4.1884E-08
1.2607E-03
2.5508E-05
1.4438E-05
6.3480E-03
1.5307E-02
9.2210E-07
1.2098E-05
2.0819E-03
2.3636E-03
1.0729E-03
9.0217E-04
4.6571E-06
1.2491E-03
1.0067E-04
1.2705E-05
3.6053E-04
2.8742E-04
9.5162E-03
2.9192E-06
3.0502E-06
2.6101E-05
1.4168E-03
6.0344E-05
6.6292E-03
1.3275E-02
6.7907E-03
8.7016E-03
2.3899E-03
1.2166E-07
2.0470E-03
1.8650E-03
7.2914E-04
4.9111E-03
2.9540E-03
6.6574E-03
6.9285E-03
5.8737E-03
1.5005E-03
2.9242E-03
8.1493E-03
1.1338E-02
8.0392E-03
6.2330E-05
2.7476E-04
4.7073E-04
1.0569E-03
1.1573E-03
5.4464E-04
4.6636E-04
3.9889E-09
1.8615E-08
0.0000E+00
1.0562E-04
1.9501E-04
8.5026E-04
1.7158E-03
1.3296E-07
5.6510E-08
1.4693E-07
1.3562E-07
3.1777E-03
2.1939E-08
4.6537E-09
4.6537E-09
6.6221E-04
2.6593E-09
2.4120E-05
1.0805E-03
2.3601E-07
1.5998E-04
1.1028E-02
5.5096E-04
1.4256E-02
2.8801E-05
5.9192E-05
1.1240E-03
2.9053E-07
2.6859E-07
5.2050E-05
9.7994E-07
6.7812E-07
1.3296E-06
1.2366E-05
4.7007E-04
2.6593E-09
2.7391E-07
1.2366E-07
1.8323E-04
1.5115E-02
1.5059E-04
3.1720E-04
1.8560E-03
2.8457E-04
1.2800E-02
7.5058E-07
1.0275E-03
3.7057E-06
6.8152E-03
1.3961E-08
3.3126E-04
9.9206E-05
1.0570E-03
1.0130E-03
1.1471E-02
8.6481E-05
3.5857E-04
1.5082E-03
1.0252E-03
3.4701E-03
1.8525E-05
9.6977E-05
6.5717E-05
5.3039E-05
2.6724E-04
1.0172E-06
3.7154E-04
1.8238E-03
2.3933E-08
2.8381E-06
4.7383E-05
1.0658E-03
1.9908E-03
8.5756E-05
1.7224E-03
2.4667E-05
1.4415E-04
3.4800E-03
3.8294E-07
6.1017E-06
7.8183E-07
2.9587E-03
2.9917E-08
4.3133E-03
2.8528E-03
1.0016E-03
1.5403E-03
6.2847E-03
3.0059E-03
8.0060E-04
2.5871E-03
2.1814E-02
3.0983E-03
1.3984E-04
2.5995E-04
2.6326E-05
2.8926E-04
2.4767E-04
3.9058E-06
8.2155E-04
3.6682E-04
3.5907E-06
3.3613E-06
1.3112E-05
3.6870E-03
8.7652E-03
2.0802E-05
8.3513E-03
2.8973E-06
1.9611E-04
9.0098E-03
3.1313E-07
1.4958E-07
2.5443E-06
8.3424E-03
1.2632E-08
7.2704E-04
6.4408E-05
2.8188E-04
2.4921E-03
1.1034E-02
4.2925E-05
5.3730E-03
3.1481E-03
3.3733E-05
1.7471E-03
1.6250E-05
2.2079E-05
8.8089E-06
1.4456E-04
7.3994E-07
1.3318E-05
5.4036E-03
1.5736E-03
1.3183E-05
8.4166E-07
2.8514E-05
4.5941E-04
3.3199E-04
5.9428E-04
2.6725E-04
9.2123E-04
2.7513E-03
6.5585E-04
9.9723E-09
1.0560E-03
1.3508E-04
1.1233E-05
5.5107E-06
8.4919E-04
1.0523E-03
8.3052E-04
1.6921E-03
5.3591E-06
1.7152E-03
1.3318E-03
1.6616E-03
1.2723E-03
2.6779E-06
5.4216E-06
1.9866E-04
9.6433E-05
1.9114E-03
2.4180E-04
1.1122E-03
1.9945E-09
5.3186E-09
0.0000E+00
2.5203E-05
1.8693E-03
8.0611E-05
1.9727E-04
1.7285E-08
1.1900E-07
4.0690E-05
2.6460E-07
7.3129E-04
1.6620E-08
1.9945E-09
4.2548E-08
8.3858E-04
6.6482E-10
3.0316E-07
1.2633E-04
8.0510E-07
4.0374E-06
9.8280E-04
8.9086E-08
2.7650E-04
1.1715E-05
2.4757E-05
1.4031E-04
2.5017E-04
7.3130E-08
3.2576E-08
5.9834E-09
9.8726E-07
6.6482E-10
3.9490E-07
4.4104E-06
0.0000E+00
1.5224E-07
1.4560E-07
8.2438E-08
3.5953E-04
7.2997E-07
9.8403E-05
5.7926E-05
3.1459E-06
3.4926E-05
7.3130E-08
1.1302E-08
3.7695E-07
1.2290E-04
1.4626E-08
9.3607E-07
2.2054E-05
9.4172E-06
2.8300E-04
1.6911E-03
5.1058E-07
2.7034E-04
3.3808E-04
1.4289E-05
3.6891E-05
6.7147E-08
5.8039E-07
1.0504E-07
2.4665E-07
3.1845E-07
0.0000E+00
5.0260E-07
2.2604E-08
1.0238E-07
1.0690E-06
1.5956E-08
4.9861E-08
3.5726E-04
3.3839E-07
1.4325E-05
3.9224E-08
1.6222E-07
1.9864E-03
6.6482E-10
3.9889E-09
6.9008E-07
7.7360E-03
2.6593E-09
1.3060E-05
8.1706E-07
7.6454E-07
8.8421E-08
5.0270E-05
9.4404E-08
9.3075E-08
4.9728E-07
5.4515E-08
5.9662E-05
3.6565E-08
2.4000E-07
3.5834E-07
1.3296E-09
2.6593E-08
6.6482E-10
2.8587E-08
6.7714E-05
6.6482E-10
4.0554E-08
3.0715E-07
1.3363E-07
2.4692E-03
4.3213E-08
1.0469E-05
1.5956E-08
5.3186E-09
5.3632E-03
5.3318E-07
4.1485E-07
6.6482E-10
2.0018E-03
0.0000E+00
8.1706E-05
3.2511E-04
3.0914E-07
1.0225E-03
4.2150E-06
9.1080E-08
3.1330E-04
1.3363E-07
1.6956E-03
6.1306E-05
1.2632E-08
1.4693E-07
1.3296E-09
2.2936E-07
1.1496E-04
6.6482E-10
6.4460E-05
8.0443E-08
6.6482E-10
1.1967E-07
2.2604E-08
1.0637E-08
3.0321E-04
4.8266E-07
5.9854E-06
5.3186E-08
4.7601E-07
2.2845E-03
6.1828E-08
6.6482E-10
6.6482E-10
9.2363E-04
1.9945E-09
9.1422E-05
1.3122E-04
1.9559E-06
1.9241E-04
5.8224E-05
1.2984E-06
7.1408E-06
1.9269E-05
1.4147E-04
4.5767E-05
6.4487E-08
4.2216E-07
6.9407E-07
5.9169E-08
1.1302E-08
6.6482E-10
6.4105E-05
1.8615E-08
1.3296E-09
1.1102E-07
3.8992E-06
2.8587E-08
4.6046E-04
0.0000E+00
6.6482E-08
6.6482E-10
1.3296E-09
3.1231E-03
1.9080E-07
0.0000E+00
3.9889E-09
2.9922E-03
1.3296E-09
0.0000E+00
6.6482E-10
3.9889E-09
4.2868E-05
3.0309E-06
6.6482E-10
9.0929E-05
1.6620E-08
1.9945E-09
1.1382E-04
0.0000E+00
6.6482E-10
1.9945E-09
0.0000E+00
0.0000E+00
0.0000E+00
1.2598E-04
1.3296E-09
0.0000E+00
6.6482E-10
6.6482E-10
2.6593E-09
4.4676E-07
2.7502E-04
1.4982E-05
2.8580E-05
9.8611E-05
3.5771E-04
7.0604E-07
2.3402E-07
4.4472E-04
1.9651E-04
1.1302E-08
2.9461E-04
7.7119E-08
2.4864E-04
4.5677E-03
8.5017E-06
1.1102E-06
2.8255E-07
1.7151E-03
6.1401E-04
8.3767E-08
1.0376E-05
1.4413E-06
1.9881E-05
9.9676E-06
3.2386E-04
1.2399E-06
1.3296E-09
1.6620E-08
6.6482E-10
3.1247E-08
4.4817E-04
2.2747E-04
7.3795E-08
1.4921E-04
8.8627E-04
3.5169E-05
1.6241E-04
2.5933E-03
0.0000E+00
5.5479E-06
6.8347E-05
2.6220E-06
1.3095E-03
9.6373E-05
8.6680E-04
1.9983E-03
2.1163E-04
1.4094E-07
2.7984E-04
2.3941E-04
5.3266E-04
6.0376E-04
7.3130E-08
7.3130E-09
4.9274E-03
1.5889E-07
1.1411E-04
3.0837E-04
1.4746E-06
0.0000E+00
1.1302E-08
1.9945E-09
1.3296E-09
6.6482E-10
5.0770E-05
5.8371E-07
0.0000E+00
4.6537E-09
0.0000E+00
3.9889E-09
9.5437E-04
1.0371E-07
0.0000E+00
6.6482E-10
5.3850E-08
6.6482E-10
1.3296E-09
0.0000E+00
6.6482E-10
1.2632E-08
5.9834E-09
0.0000E+00
1.0637E-08
1.3296E-09
6.6482E-10
4.1219E-08
0.0000E+00
6.6482E-10
0.0000E+00
0.0000E+00
0.0000E+00
0.0000E+00
0.0000E+00
1.4626E-08
0.0000E+00
0.0000E+00
1.3117E-06
1.0259E-04
6.7147E-08
7.0737E-07
8.4598E-06
1.1403E-05
1.3529E-06
7.2465E-08
1.3296E-09
2.2604E-08
3.8692E-07
9.2410E-08
4.0720E-06
5.7748E-04
1.4497E-04
1.6311E-05
8.8249E-05
2.1274E-08
1.1505E-05
2.8027E-05
6.9892E-06
1.5613E-03
1.8548E-07
2.3942E-04
3.0781E-07
2.0144E-07
9.0415E-08
4.6265E-06
0.0000E+00
0.0000E+00
0.0000E+00
0.0000E+00
2.2604E-08
1.1967E-08
1.3230E-07
1.1129E-06
1.4474E-04
9.6332E-07
2.1619E-05
4.5306E-04
1.2499E-07
0.0000E+00
1.0380E-05
9.8667E-05
5.7839E-07
6.4953E-07
1.1375E-05
8.5611E-05
1.8300E-05
1.0062E-04
1.8150E-07
3.2111E-07
1.4829E-04
5.8393E-05
1.0843E-03
1.5956E-08
4.5474E-07
1.6355E-07
3.9971E-04
7.0258E-04
8.9551E-07
2.0876E-03
6.6482E-10
6.6482E-10
0.0000E+00
6.7878E-07
1.6781E-05
1.7950E-08
9.7064E-08
2.1652E-04
8.4470E-04
2.7976E-05
3.7983E-04
7.2840E-04
0.0000E+00
9.5870E-05
9.6938E-04
9.2410E-07
7.9270E-05
1.5890E-05
2.2800E-04
9.2351E-04
4.2697E-04
6.1363E-07
2.4751E-06
9.9579E-05
1.7826E-04
2.2118E-03
2.8920E-07
9.7728E-08
8.5384E-04
8.2989E-05
7.1093E-05
1.2187E-05
5.2157E-04
5.3186E-09
2.6593E-09
1.3296E-09
1.1967E-08
4.9333E-04
4.5263E-05
3.3241E-09
6.3158E-08
3.1114E-07
1.1501E-07
3.8560E-07
7.9778E-09
1.9945E-09
1.0438E-07
2.0277E-07
3.3241E-09
6.1030E-07
5.0393E-07
8.8753E-07
8.1706E-07
1.6049E-06
3.3241E-09
6.1496E-07
2.3874E-06
3.0515E-07
1.8003E-06
2.3933E-08
1.0172E-07
1.0903E-07
1.9945E-09
3.5235E-08
8.2438E-08
0.0000E+00
0.0000E+00
0.0000E+00
0.0000E+00
2.1939E-08
2.6593E-09
3.3241E-09
